964
961
956
884
857
840
825
811
81
8
789
765
760
744
742
730
720
716
70
697
687
685
684
673
657
64
63
626
623
620
615
600
58
571
553
552
515
503
502
494
472
455
452
448
447
445
444
43
425
415
403
4
394
391
381
366
359
342
334
333
329
326
319
312
283
280
275
274
264
263
259
232
23
218
194
167
160
138
13
126
116
964
961
964, 961
964
956
964, 956
964
884
964, 884
964
857
964, 857
964
840
964, 840
964
825
964, 825
964
811
964, 811
964
81
964, 81
964
8
964, 8
964
789
964, 789
964
765
964, 765
964
760
964, 760
964
744
964, 744
964
742
964, 742
964
730
964, 730
964
720
964, 720
964
716
964, 716
964
70
964, 70
964
697
964, 697
964
687
964, 687
964
685
964, 685
964
684
964, 684
964
673
964, 673
964
657
964, 657
964
64
964, 64
964
63
964, 63
964
626
964, 626
964
623
964, 623
964
620
964, 620
964
615
964, 615
964
600
964, 600
964
58
964, 58
964
571
964, 571
964
553
964, 553
964
552
964, 552
964
515
964, 515
964
503
964, 503
964
502
964, 502
964
494
964, 494
964
472
964, 472
964
455
964, 455
964
452
964, 452
964
448
964, 448
964
447
964, 447
964
445
964, 445
964
444
964, 444
964
43
964, 43
964
425
964, 425
964
415
964, 415
964
403
964, 403
964
4
964, 4
964
394
964, 394
964
391
964, 391
964
381
964, 381
964
366
964, 366
964
359
964, 359
964
342
964, 342
964
334
964, 334
964
333
964, 333
964
329
964, 329
964
326
964, 326
964
319
964, 319
964
312
964, 312
964
283
964, 283
964
280
964, 280
964
275
964, 275
964
274
964, 274
964
264
964, 264
964
263
964, 263
964
259
964, 259
964
232
964, 232
964
23
964, 23
964
218
964, 218
964
194
964, 194
964
167
964, 167
964
160
964, 160
964
138
964, 138
964
13
964, 13
964
126
964, 126
964
116
964, 116
961
956
961, 956
961
884
961, 884
961
857
961, 857
961
840
961, 840
961
825
961, 825
961
811
961, 811
961
81
961, 81
961
8
961, 8
961
789
961, 789
961
765
961, 765
961
760
961, 760
961
744
961, 744
961
742
961, 742
961
730
961, 730
961
720
961, 720
961
716
961, 716
961
70
961, 70
961
697
961, 697
961
687
961, 687
961
685
961, 685
961
684
961, 684
961
673
961, 673
961
657
961, 657
961
64
961, 64
961
63
961, 63
961
626
961, 626
961
623
961, 623
961
620
961, 620
961
615
961, 615
961
600
961, 600
961
58
961, 58
961
571
961, 571
961
553
961, 553
961
552
961, 552
961
515
961, 515
961
503
961, 503
961
502
961, 502
961
494
961, 494
961
472
961, 472
961
455
961, 455
961
452
961, 452
961
448
961, 448
961
447
961, 447
961
445
961, 445
961
444
961, 444
961
43
961, 43
961
425
961, 425
961
415
961, 415
961
403
961, 403
961
4
961, 4
961
394
961, 394
961
391
961, 391
961
381
961, 381
961
366
961, 366
961
359
961, 359
961
342
961, 342
961
334
961, 334
961
333
961, 333
961
329
961, 329
961
326
961, 326
961
319
961, 319
961
312
961, 312
961
283
961, 283
961
280
961, 280
961
275
961, 275
961
274
961, 274
961
264
961, 264
961
263
961, 263
961
259
961, 259
961
232
961, 232
961
23
961, 23
961
218
961, 218
961
194
961, 194
961
167
961, 167
961
160
961, 160
961
138
961, 138
961
13
961, 13
961
126
961, 126
961
116
961, 116
956
884
956, 884
956
857
956, 857
956
840
956, 840
956
825
956, 825
956
811
956, 811
956
81
956, 81
956
8
956, 8
956
789
956, 789
956
765
956, 765
956
760
956, 760
956
744
956, 744
956
742
956, 742
956
730
956, 730
956
720
956, 720
956
716
956, 716
956
70
956, 70
956
697
956, 697
956
687
956, 687
956
685
956, 685
956
684
956, 684
956
673
956, 673
956
657
956, 657
956
64
956, 64
956
63
956, 63
956
626
956, 626
956
623
956, 623
956
620
956, 620
956
615
956, 615
956
600
956, 600
956
58
956, 58
956
571
956, 571
956
553
956, 553
956
552
956, 552
956
515
956, 515
956
503
956, 503
956
502
956, 502
956
494
956, 494
956
472
956, 472
956
455
956, 455
956
452
956, 452
956
448
956, 448
956
447
956, 447
956
445
956, 445
956
444
956, 444
956
43
956, 43
956
425
956, 425
956
415
956, 415
956
403
956, 403
956
4
956, 4
956
394
956, 394
956
391
956, 391
956
381
956, 381
956
366
956, 366
956
359
956, 359
956
342
956, 342
956
334
956, 334
956
333
956, 333
956
329
956, 329
956
326
956, 326
956
319
956, 319
956
312
956, 312
956
283
956, 283
956
280
956, 280
956
275
956, 275
956
274
956, 274
956
264
956, 264
956
263
956, 263
956
259
956, 259
956
232
956, 232
956
23
956, 23
956
218
956, 218
956
194
956, 194
956
167
956, 167
956
160
956, 160
956
138
956, 138
956
13
956, 13
956
126
956, 126
956
116
956, 116
884
857
884, 857
884
840
884, 840
884
825
884, 825
884
811
884, 811
884
81
884, 81
884
8
884, 8
884
789
884, 789
884
765
884, 765
884
760
884, 760
884
744
884, 744
884
742
884, 742
884
730
884, 730
884
720
884, 720
884
716
884, 716
884
70
884, 70
884
697
884, 697
884
687
884, 687
884
685
884, 685
884
684
884, 684
884
673
884, 673
884
657
884, 657
884
64
884, 64
884
63
884, 63
884
626
884, 626
884
623
884, 623
884
620
884, 620
884
615
884, 615
884
600
884, 600
884
58
884, 58
884
571
884, 571
884
553
884, 553
884
552
884, 552
884
515
884, 515
884
503
884, 503
884
502
884, 502
884
494
884, 494
884
472
884, 472
884
455
884, 455
884
452
884, 452
884
448
884, 448
884
447
884, 447
884
445
884, 445
884
444
884, 444
884
43
884, 43
884
425
884, 425
884
415
884, 415
884
403
884, 403
884
4
884, 4
884
394
884, 394
884
391
884, 391
884
381
884, 381
884
366
884, 366
884
359
884, 359
884
342
884, 342
884
334
884, 334
884
333
884, 333
884
329
884, 329
884
326
884, 326
884
319
884, 319
884
312
884, 312
884
283
884, 283
884
280
884, 280
884
275
884, 275
884
274
884, 274
884
264
884, 264
884
263
884, 263
884
259
884, 259
884
232
884, 232
884
23
884, 23
884
218
884, 218
884
194
884, 194
884
167
884, 167
884
160
884, 160
884
138
884, 138
884
13
884, 13
884
126
884, 126
884
116
884, 116
857
840
857, 840
857
825
857, 825
857
811
857, 811
857
81
857, 81
857
8
857, 8
857
789
857, 789
857
765
857, 765
857
760
857, 760
857
744
857, 744
857
742
857, 742
857
730
857, 730
857
720
857, 720
857
716
857, 716
857
70
857, 70
857
697
857, 697
857
687
857, 687
857
685
857, 685
857
684
857, 684
857
673
857, 673
857
657
857, 657
857
64
857, 64
857
63
857, 63
857
626
857, 626
857
623
857, 623
857
620
857, 620
857
615
857, 615
857
600
857, 600
857
58
857, 58
857
571
857, 571
857
553
857, 553
857
552
857, 552
857
515
857, 515
857
503
857, 503
857
502
857, 502
857
494
857, 494
857
472
857, 472
857
455
857, 455
857
452
857, 452
857
448
857, 448
857
447
857, 447
857
445
857, 445
857
444
857, 444
857
43
857, 43
857
425
857, 425
857
415
857, 415
857
403
857, 403
857
4
857, 4
857
394
857, 394
857
391
857, 391
857
381
857, 381
857
366
857, 366
857
359
857, 359
857
342
857, 342
857
334
857, 334
857
333
857, 333
857
329
857, 329
857
326
857, 326
857
319
857, 319
857
312
857, 312
857
283
857, 283
857
280
857, 280
857
275
857, 275
857
274
857, 274
857
264
857, 264
857
263
857, 263
857
259
857, 259
857
232
857, 232
857
23
857, 23
857
218
857, 218
857
194
857, 194
857
167
857, 167
857
160
857, 160
857
138
857, 138
857
13
857, 13
857
126
857, 126
857
116
857, 116
840
825
840, 825
840
811
840, 811
840
81
840, 81
840
8
840, 8
840
789
840, 789
840
765
840, 765
840
760
840, 760
840
744
840, 744
840
742
840, 742
840
730
840, 730
840
720
840, 720
840
716
840, 716
840
70
840, 70
840
697
840, 697
840
687
840, 687
840
685
840, 685
840
684
840, 684
840
673
840, 673
840
657
840, 657
840
64
840, 64
840
63
840, 63
840
626
840, 626
840
623
840, 623
840
620
840, 620
840
615
840, 615
840
600
840, 600
840
58
840, 58
840
571
840, 571
840
553
840, 553
840
552
840, 552
840
515
840, 515
840
503
840, 503
840
502
840, 502
840
494
840, 494
840
472
840, 472
840
455
840, 455
840
452
840, 452
840
448
840, 448
840
447
840, 447
840
445
840, 445
840
444
840, 444
840
43
840, 43
840
425
840, 425
840
415
840, 415
840
403
840, 403
840
4
840, 4
840
394
840, 394
840
391
840, 391
840
381
840, 381
840
366
840, 366
840
359
840, 359
840
342
840, 342
840
334
840, 334
840
333
840, 333
840
329
840, 329
840
326
840, 326
840
319
840, 319
840
312
840, 312
840
283
840, 283
840
280
840, 280
840
275
840, 275
840
274
840, 274
840
264
840, 264
840
263
840, 263
840
259
840, 259
840
232
840, 232
840
23
840, 23
840
218
840, 218
840
194
840, 194
840
167
840, 167
840
160
840, 160
840
138
840, 138
840
13
840, 13
840
126
840, 126
840
116
840, 116
825
811
825, 811
825
81
825, 81
825
8
825, 8
825
789
825, 789
825
765
825, 765
825
760
825, 760
825
744
825, 744
825
742
825, 742
825
730
825, 730
825
720
825, 720
825
716
825, 716
825
70
825, 70
825
697
825, 697
825
687
825, 687
825
685
825, 685
825
684
825, 684
825
673
825, 673
825
657
825, 657
825
64
825, 64
825
63
825, 63
825
626
825, 626
825
623
825, 623
825
620
825, 620
825
615
825, 615
825
600
825, 600
825
58
825, 58
825
571
825, 571
825
553
825, 553
825
552
825, 552
825
515
825, 515
825
503
825, 503
825
502
825, 502
825
494
825, 494
825
472
825, 472
825
455
825, 455
825
452
825, 452
825
448
825, 448
825
447
825, 447
825
445
825, 445
825
444
825, 444
825
43
825, 43
825
425
825, 425
825
415
825, 415
825
403
825, 403
825
4
825, 4
825
394
825, 394
825
391
825, 391
825
381
825, 381
825
366
825, 366
825
359
825, 359
825
342
825, 342
825
334
825, 334
825
333
825, 333
825
329
825, 329
825
326
825, 326
825
319
825, 319
825
312
825, 312
825
283
825, 283
825
280
825, 280
825
275
825, 275
825
274
825, 274
825
264
825, 264
825
263
825, 263
825
259
825, 259
825
232
825, 232
825
23
825, 23
825
218
825, 218
825
194
825, 194
825
167
825, 167
825
160
825, 160
825
138
825, 138
825
13
825, 13
825
126
825, 126
825
116
825, 116
811
81
811, 81
811
8
811, 8
811
789
811, 789
811
765
811, 765
811
760
811, 760
811
744
811, 744
811
742
811, 742
811
730
811, 730
811
720
811, 720
811
716
811, 716
811
70
811, 70
811
697
811, 697
811
687
811, 687
811
685
811, 685
811
684
811, 684
811
673
811, 673
811
657
811, 657
811
64
811, 64
811
63
811, 63
811
626
811, 626
811
623
811, 623
811
620
811, 620
811
615
811, 615
811
600
811, 600
811
58
811, 58
811
571
811, 571
811
553
811, 553
811
552
811, 552
811
515
811, 515
811
503
811, 503
811
502
811, 502
811
494
811, 494
811
472
811, 472
811
455
811, 455
811
452
811, 452
811
448
811, 448
811
447
811, 447
811
445
811, 445
811
444
811, 444
811
43
811, 43
811
425
811, 425
811
415
811, 415
811
403
811, 403
811
4
811, 4
811
394
811, 394
811
391
811, 391
811
381
811, 381
811
366
811, 366
811
359
811, 359
811
342
811, 342
811
334
811, 334
811
333
811, 333
811
329
811, 329
811
326
811, 326
811
319
811, 319
811
312
811, 312
811
283
811, 283
811
280
811, 280
811
275
811, 275
811
274
811, 274
811
264
811, 264
811
263
811, 263
811
259
811, 259
811
232
811, 232
811
23
811, 23
811
218
811, 218
811
194
811, 194
811
167
811, 167
811
160
811, 160
811
138
811, 138
811
13
811, 13
811
126
811, 126
811
116
811, 116
81
8
81, 8
81
789
81, 789
81
765
81, 765
81
760
81, 760
81
744
81, 744
81
742
81, 742
81
730
81, 730
81
720
81, 720
81
716
81, 716
81
70
81, 70
81
697
81, 697
81
687
81, 687
81
685
81, 685
81
684
81, 684
81
673
81, 673
81
657
81, 657
81
64
81, 64
81
63
81, 63
81
626
81, 626
81
623
81, 623
81
620
81, 620
81
615
81, 615
81
600
81, 600
81
58
81, 58
81
571
81, 571
81
553
81, 553
81
552
81, 552
81
515
81, 515
81
503
81, 503
81
502
81, 502
81
494
81, 494
81
472
81, 472
81
455
81, 455
81
452
81, 452
81
448
81, 448
81
447
81, 447
81
445
81, 445
81
444
81, 444
81
43
81, 43
81
425
81, 425
81
415
81, 415
81
403
81, 403
81
4
81, 4
81
394
81, 394
81
391
81, 391
81
381
81, 381
81
366
81, 366
81
359
81, 359
81
342
81, 342
81
334
81, 334
81
333
81, 333
81
329
81, 329
81
326
81, 326
81
319
81, 319
81
312
81, 312
81
283
81, 283
81
280
81, 280
81
275
81, 275
81
274
81, 274
81
264
81, 264
81
263
81, 263
81
259
81, 259
81
232
81, 232
81
23
81, 23
81
218
81, 218
81
194
81, 194
81
167
81, 167
81
160
81, 160
81
138
81, 138
81
13
81, 13
81
126
81, 126
81
116
81, 116
8
789
8, 789
8
765
8, 765
8
760
8, 760
8
744
8, 744
8
742
8, 742
8
730
8, 730
8
720
8, 720
8
716
8, 716
8
70
8, 70
8
697
8, 697
8
687
8, 687
8
685
8, 685
8
684
8, 684
8
673
8, 673
8
657
8, 657
8
64
8, 64
8
63
8, 63
8
626
8, 626
8
623
8, 623
8
620
8, 620
8
615
8, 615
8
600
8, 600
8
58
8, 58
8
571
8, 571
8
553
8, 553
8
552
8, 552
8
515
8, 515
8
503
8, 503
8
502
8, 502
8
494
8, 494
8
472
8, 472
8
455
8, 455
8
452
8, 452
8
448
8, 448
8
447
8, 447
8
445
8, 445
8
444
8, 444
8
43
8, 43
8
425
8, 425
8
415
8, 415
8
403
8, 403
8
4
8, 4
8
394
8, 394
8
391
8, 391
8
381
8, 381
8
366
8, 366
8
359
8, 359
8
342
8, 342
8
334
8, 334
8
333
8, 333
8
329
8, 329
8
326
8, 326
8
319
8, 319
8
312
8, 312
8
283
8, 283
8
280
8, 280
8
275
8, 275
8
274
8, 274
8
264
8, 264
8
263
8, 263
8
259
8, 259
8
232
8, 232
8
23
8, 23
8
218
8, 218
8
194
8, 194
8
167
8, 167
8
160
8, 160
8
138
8, 138
8
13
8, 13
8
126
8, 126
8
116
8, 116
789
765
789, 765
789
760
789, 760
789
744
789, 744
789
742
789, 742
789
730
789, 730
789
720
789, 720
789
716
789, 716
789
70
789, 70
789
697
789, 697
789
687
789, 687
789
685
789, 685
789
684
789, 684
789
673
789, 673
789
657
789, 657
789
64
789, 64
789
63
789, 63
789
626
789, 626
789
623
789, 623
789
620
789, 620
789
615
789, 615
789
600
789, 600
789
58
789, 58
789
571
789, 571
789
553
789, 553
789
552
789, 552
789
515
789, 515
789
503
789, 503
789
502
789, 502
789
494
789, 494
789
472
789, 472
789
455
789, 455
789
452
789, 452
789
448
789, 448
789
447
789, 447
789
445
789, 445
789
444
789, 444
789
43
789, 43
789
425
789, 425
789
415
789, 415
789
403
789, 403
789
4
789, 4
789
394
789, 394
789
391
789, 391
789
381
789, 381
789
366
789, 366
789
359
789, 359
789
342
789, 342
789
334
789, 334
789
333
789, 333
789
329
789, 329
789
326
789, 326
789
319
789, 319
789
312
789, 312
789
283
789, 283
789
280
789, 280
789
275
789, 275
789
274
789, 274
789
264
789, 264
789
263
789, 263
789
259
789, 259
789
232
789, 232
789
23
789, 23
789
218
789, 218
789
194
789, 194
789
167
789, 167
789
160
789, 160
789
138
789, 138
789
13
789, 13
789
126
789, 126
789
116
789, 116
765
760
765, 760
765
744
765, 744
765
742
765, 742
765
730
765, 730
765
720
765, 720
765
716
765, 716
765
70
765, 70
765
697
765, 697
765
687
765, 687
765
685
765, 685
765
684
765, 684
765
673
765, 673
765
657
765, 657
765
64
765, 64
765
63
765, 63
765
626
765, 626
765
623
765, 623
765
620
765, 620
765
615
765, 615
765
600
765, 600
765
58
765, 58
765
571
765, 571
765
553
765, 553
765
552
765, 552
765
515
765, 515
765
503
765, 503
765
502
765, 502
765
494
765, 494
765
472
765, 472
765
455
765, 455
765
452
765, 452
765
448
765, 448
765
447
765, 447
765
445
765, 445
765
444
765, 444
765
43
765, 43
765
425
765, 425
765
415
765, 415
765
403
765, 403
765
4
765, 4
765
394
765, 394
765
391
765, 391
765
381
765, 381
765
366
765, 366
765
359
765, 359
765
342
765, 342
765
334
765, 334
765
333
765, 333
765
329
765, 329
765
326
765, 326
765
319
765, 319
765
312
765, 312
765
283
765, 283
765
280
765, 280
765
275
765, 275
765
274
765, 274
765
264
765, 264
765
263
765, 263
765
259
765, 259
765
232
765, 232
765
23
765, 23
765
218
765, 218
765
194
765, 194
765
167
765, 167
765
160
765, 160
765
138
765, 138
765
13
765, 13
765
126
765, 126
765
116
765, 116
760
744
760, 744
760
742
760, 742
760
730
760, 730
760
720
760, 720
760
716
760, 716
760
70
760, 70
760
697
760, 697
760
687
760, 687
760
685
760, 685
760
684
760, 684
760
673
760, 673
760
657
760, 657
760
64
760, 64
760
63
760, 63
760
626
760, 626
760
623
760, 623
760
620
760, 620
760
615
760, 615
760
600
760, 600
760
58
760, 58
760
571
760, 571
760
553
760, 553
760
552
760, 552
760
515
760, 515
760
503
760, 503
760
502
760, 502
760
494
760, 494
760
472
760, 472
760
455
760, 455
760
452
760, 452
760
448
760, 448
760
447
760, 447
760
445
760, 445
760
444
760, 444
760
43
760, 43
760
425
760, 425
760
415
760, 415
760
403
760, 403
760
4
760, 4
760
394
760, 394
760
391
760, 391
760
381
760, 381
760
366
760, 366
760
359
760, 359
760
342
760, 342
760
334
760, 334
760
333
760, 333
760
329
760, 329
760
326
760, 326
760
319
760, 319
760
312
760, 312
760
283
760, 283
760
280
760, 280
760
275
760, 275
760
274
760, 274
760
264
760, 264
760
263
760, 263
760
259
760, 259
760
232
760, 232
760
23
760, 23
760
218
760, 218
760
194
760, 194
760
167
760, 167
760
160
760, 160
760
138
760, 138
760
13
760, 13
760
126
760, 126
760
116
760, 116
744
742
744, 742
744
730
744, 730
744
720
744, 720
744
716
744, 716
744
70
744, 70
744
697
744, 697
744
687
744, 687
744
685
744, 685
744
684
744, 684
744
673
744, 673
744
657
744, 657
744
64
744, 64
744
63
744, 63
744
626
744, 626
744
623
744, 623
744
620
744, 620
744
615
744, 615
744
600
744, 600
744
58
744, 58
744
571
744, 571
744
553
744, 553
744
552
744, 552
744
515
744, 515
744
503
744, 503
744
502
744, 502
744
494
744, 494
744
472
744, 472
744
455
744, 455
744
452
744, 452
744
448
744, 448
744
447
744, 447
744
445
744, 445
744
444
744, 444
744
43
744, 43
744
425
744, 425
744
415
744, 415
744
403
744, 403
744
4
744, 4
744
394
744, 394
744
391
744, 391
744
381
744, 381
744
366
744, 366
744
359
744, 359
744
342
744, 342
744
334
744, 334
744
333
744, 333
744
329
744, 329
744
326
744, 326
744
319
744, 319
744
312
744, 312
744
283
744, 283
744
280
744, 280
744
275
744, 275
744
274
744, 274
744
264
744, 264
744
263
744, 263
744
259
744, 259
744
232
744, 232
744
23
744, 23
744
218
744, 218
744
194
744, 194
744
167
744, 167
744
160
744, 160
744
138
744, 138
744
13
744, 13
744
126
744, 126
744
116
744, 116
742
730
742, 730
742
720
742, 720
742
716
742, 716
742
70
742, 70
742
697
742, 697
742
687
742, 687
742
685
742, 685
742
684
742, 684
742
673
742, 673
742
657
742, 657
742
64
742, 64
742
63
742, 63
742
626
742, 626
742
623
742, 623
742
620
742, 620
742
615
742, 615
742
600
742, 600
742
58
742, 58
742
571
742, 571
742
553
742, 553
742
552
742, 552
742
515
742, 515
742
503
742, 503
742
502
742, 502
742
494
742, 494
742
472
742, 472
742
455
742, 455
742
452
742, 452
742
448
742, 448
742
447
742, 447
742
445
742, 445
742
444
742, 444
742
43
742, 43
742
425
742, 425
742
415
742, 415
742
403
742, 403
742
4
742, 4
742
394
742, 394
742
391
742, 391
742
381
742, 381
742
366
742, 366
742
359
742, 359
742
342
742, 342
742
334
742, 334
742
333
742, 333
742
329
742, 329
742
326
742, 326
742
319
742, 319
742
312
742, 312
742
283
742, 283
742
280
742, 280
742
275
742, 275
742
274
742, 274
742
264
742, 264
742
263
742, 263
742
259
742, 259
742
232
742, 232
742
23
742, 23
742
218
742, 218
742
194
742, 194
742
167
742, 167
742
160
742, 160
742
138
742, 138
742
13
742, 13
742
126
742, 126
742
116
742, 116
730
720
730, 720
730
716
730, 716
730
70
730, 70
730
697
730, 697
730
687
730, 687
730
685
730, 685
730
684
730, 684
730
673
730, 673
730
657
730, 657
730
64
730, 64
730
63
730, 63
730
626
730, 626
730
623
730, 623
730
620
730, 620
730
615
730, 615
730
600
730, 600
730
58
730, 58
730
571
730, 571
730
553
730, 553
730
552
730, 552
730
515
730, 515
730
503
730, 503
730
502
730, 502
730
494
730, 494
730
472
730, 472
730
455
730, 455
730
452
730, 452
730
448
730, 448
730
447
730, 447
730
445
730, 445
730
444
730, 444
730
43
730, 43
730
425
730, 425
730
415
730, 415
730
403
730, 403
730
4
730, 4
730
394
730, 394
730
391
730, 391
730
381
730, 381
730
366
730, 366
730
359
730, 359
730
342
730, 342
730
334
730, 334
730
333
730, 333
730
329
730, 329
730
326
730, 326
730
319
730, 319
730
312
730, 312
730
283
730, 283
730
280
730, 280
730
275
730, 275
730
274
730, 274
730
264
730, 264
730
263
730, 263
730
259
730, 259
730
232
730, 232
730
23
730, 23
730
218
730, 218
730
194
730, 194
730
167
730, 167
730
160
730, 160
730
138
730, 138
730
13
730, 13
730
126
730, 126
730
116
730, 116
720
716
720, 716
720
70
720, 70
720
697
720, 697
720
687
720, 687
720
685
720, 685
720
684
720, 684
720
673
720, 673
720
657
720, 657
720
64
720, 64
720
63
720, 63
720
626
720, 626
720
623
720, 623
720
620
720, 620
720
615
720, 615
720
600
720, 600
720
58
720, 58
720
571
720, 571
720
553
720, 553
720
552
720, 552
720
515
720, 515
720
503
720, 503
720
502
720, 502
720
494
720, 494
720
472
720, 472
720
455
720, 455
720
452
720, 452
720
448
720, 448
720
447
720, 447
720
445
720, 445
720
444
720, 444
720
43
720, 43
720
425
720, 425
720
415
720, 415
720
403
720, 403
720
4
720, 4
720
394
720, 394
720
391
720, 391
720
381
720, 381
720
366
720, 366
720
359
720, 359
720
342
720, 342
720
334
720, 334
720
333
720, 333
720
329
720, 329
720
326
720, 326
720
319
720, 319
720
312
720, 312
720
283
720, 283
720
280
720, 280
720
275
720, 275
720
274
720, 274
720
264
720, 264
720
263
720, 263
720
259
720, 259
720
232
720, 232
720
23
720, 23
720
218
720, 218
720
194
720, 194
720
167
720, 167
720
160
720, 160
720
138
720, 138
720
13
720, 13
720
126
720, 126
720
116
720, 116
716
70
716, 70
716
697
716, 697
716
687
716, 687
716
685
716, 685
716
684
716, 684
716
673
716, 673
716
657
716, 657
716
64
716, 64
716
63
716, 63
716
626
716, 626
716
623
716, 623
716
620
716, 620
716
615
716, 615
716
600
716, 600
716
58
716, 58
716
571
716, 571
716
553
716, 553
716
552
716, 552
716
515
716, 515
716
503
716, 503
716
502
716, 502
716
494
716, 494
716
472
716, 472
716
455
716, 455
716
452
716, 452
716
448
716, 448
716
447
716, 447
716
445
716, 445
716
444
716, 444
716
43
716, 43
716
425
716, 425
716
415
716, 415
716
403
716, 403
716
4
716, 4
716
394
716, 394
716
391
716, 391
716
381
716, 381
716
366
716, 366
716
359
716, 359
716
342
716, 342
716
334
716, 334
716
333
716, 333
716
329
716, 329
716
326
716, 326
716
319
716, 319
716
312
716, 312
716
283
716, 283
716
280
716, 280
716
275
716, 275
716
274
716, 274
716
264
716, 264
716
263
716, 263
716
259
716, 259
716
232
716, 232
716
23
716, 23
716
218
716, 218
716
194
716, 194
716
167
716, 167
716
160
716, 160
716
138
716, 138
716
13
716, 13
716
126
716, 126
716
116
716, 116
70
697
70, 697
70
687
70, 687
70
685
70, 685
70
684
70, 684
70
673
70, 673
70
657
70, 657
70
64
70, 64
70
63
70, 63
70
626
70, 626
70
623
70, 623
70
620
70, 620
70
615
70, 615
70
600
70, 600
70
58
70, 58
70
571
70, 571
70
553
70, 553
70
552
70, 552
70
515
70, 515
70
503
70, 503
70
502
70, 502
70
494
70, 494
70
472
70, 472
70
455
70, 455
70
452
70, 452
70
448
70, 448
70
447
70, 447
70
445
70, 445
70
444
70, 444
70
43
70, 43
70
425
70, 425
70
415
70, 415
70
403
70, 403
70
4
70, 4
70
394
70, 394
70
391
70, 391
70
381
70, 381
70
366
70, 366
70
359
70, 359
70
342
70, 342
70
334
70, 334
70
333
70, 333
70
329
70, 329
70
326
70, 326
70
319
70, 319
70
312
70, 312
70
283
70, 283
70
280
70, 280
70
275
70, 275
70
274
70, 274
70
264
70, 264
70
263
70, 263
70
259
70, 259
70
232
70, 232
70
23
70, 23
70
218
70, 218
70
194
70, 194
70
167
70, 167
70
160
70, 160
70
138
70, 138
70
13
70, 13
70
126
70, 126
70
116
70, 116
697
687
697, 687
697
685
697, 685
697
684
697, 684
697
673
697, 673
697
657
697, 657
697
64
697, 64
697
63
697, 63
697
626
697, 626
697
623
697, 623
697
620
697, 620
697
615
697, 615
697
600
697, 600
697
58
697, 58
697
571
697, 571
697
553
697, 553
697
552
697, 552
697
515
697, 515
697
503
697, 503
697
502
697, 502
697
494
697, 494
697
472
697, 472
697
455
697, 455
697
452
697, 452
697
448
697, 448
697
447
697, 447
697
445
697, 445
697
444
697, 444
697
43
697, 43
697
425
697, 425
697
415
697, 415
697
403
697, 403
697
4
697, 4
697
394
697, 394
697
391
697, 391
697
381
697, 381
697
366
697, 366
697
359
697, 359
697
342
697, 342
697
334
697, 334
697
333
697, 333
697
329
697, 329
697
326
697, 326
697
319
697, 319
697
312
697, 312
697
283
697, 283
697
280
697, 280
697
275
697, 275
697
274
697, 274
697
264
697, 264
697
263
697, 263
697
259
697, 259
697
232
697, 232
697
23
697, 23
697
218
697, 218
697
194
697, 194
697
167
697, 167
697
160
697, 160
697
138
697, 138
697
13
697, 13
697
126
697, 126
697
116
697, 116
687
685
687, 685
687
684
687, 684
687
673
687, 673
687
657
687, 657
687
64
687, 64
687
63
687, 63
687
626
687, 626
687
623
687, 623
687
620
687, 620
687
615
687, 615
687
600
687, 600
687
58
687, 58
687
571
687, 571
687
553
687, 553
687
552
687, 552
687
515
687, 515
687
503
687, 503
687
502
687, 502
687
494
687, 494
687
472
687, 472
687
455
687, 455
687
452
687, 452
687
448
687, 448
687
447
687, 447
687
445
687, 445
687
444
687, 444
687
43
687, 43
687
425
687, 425
687
415
687, 415
687
403
687, 403
687
4
687, 4
687
394
687, 394
687
391
687, 391
687
381
687, 381
687
366
687, 366
687
359
687, 359
687
342
687, 342
687
334
687, 334
687
333
687, 333
687
329
687, 329
687
326
687, 326
687
319
687, 319
687
312
687, 312
687
283
687, 283
687
280
687, 280
687
275
687, 275
687
274
687, 274
687
264
687, 264
687
263
687, 263
687
259
687, 259
687
232
687, 232
687
23
687, 23
687
218
687, 218
687
194
687, 194
687
167
687, 167
687
160
687, 160
687
138
687, 138
687
13
687, 13
687
126
687, 126
687
116
687, 116
685
684
685, 684
685
673
685, 673
685
657
685, 657
685
64
685, 64
685
63
685, 63
685
626
685, 626
685
623
685, 623
685
620
685, 620
685
615
685, 615
685
600
685, 600
685
58
685, 58
685
571
685, 571
685
553
685, 553
685
552
685, 552
685
515
685, 515
685
503
685, 503
685
502
685, 502
685
494
685, 494
685
472
685, 472
685
455
685, 455
685
452
685, 452
685
448
685, 448
685
447
685, 447
685
445
685, 445
685
444
685, 444
685
43
685, 43
685
425
685, 425
685
415
685, 415
685
403
685, 403
685
4
685, 4
685
394
685, 394
685
391
685, 391
685
381
685, 381
685
366
685, 366
685
359
685, 359
685
342
685, 342
685
334
685, 334
685
333
685, 333
685
329
685, 329
685
326
685, 326
685
319
685, 319
685
312
685, 312
685
283
685, 283
685
280
685, 280
685
275
685, 275
685
274
685, 274
685
264
685, 264
685
263
685, 263
685
259
685, 259
685
232
685, 232
685
23
685, 23
685
218
685, 218
685
194
685, 194
685
167
685, 167
685
160
685, 160
685
138
685, 138
685
13
685, 13
685
126
685, 126
685
116
685, 116
684
673
684, 673
684
657
684, 657
684
64
684, 64
684
63
684, 63
684
626
684, 626
684
623
684, 623
684
620
684, 620
684
615
684, 615
684
600
684, 600
684
58
684, 58
684
571
684, 571
684
553
684, 553
684
552
684, 552
684
515
684, 515
684
503
684, 503
684
502
684, 502
684
494
684, 494
684
472
684, 472
684
455
684, 455
684
452
684, 452
684
448
684, 448
684
447
684, 447
684
445
684, 445
684
444
684, 444
684
43
684, 43
684
425
684, 425
684
415
684, 415
684
403
684, 403
684
4
684, 4
684
394
684, 394
684
391
684, 391
684
381
684, 381
684
366
684, 366
684
359
684, 359
684
342
684, 342
684
334
684, 334
684
333
684, 333
684
329
684, 329
684
326
684, 326
684
319
684, 319
684
312
684, 312
684
283
684, 283
684
280
684, 280
684
275
684, 275
684
274
684, 274
684
264
684, 264
684
263
684, 263
684
259
684, 259
684
232
684, 232
684
23
684, 23
684
218
684, 218
684
194
684, 194
684
167
684, 167
684
160
684, 160
684
138
684, 138
684
13
684, 13
684
126
684, 126
684
116
684, 116
673
657
673, 657
673
64
673, 64
673
63
673, 63
673
626
673, 626
673
623
673, 623
673
620
673, 620
673
615
673, 615
673
600
673, 600
673
58
673, 58
673
571
673, 571
673
553
673, 553
673
552
673, 552
673
515
673, 515
673
503
673, 503
673
502
673, 502
673
494
673, 494
673
472
673, 472
673
455
673, 455
673
452
673, 452
673
448
673, 448
673
447
673, 447
673
445
673, 445
673
444
673, 444
673
43
673, 43
673
425
673, 425
673
415
673, 415
673
403
673, 403
673
4
673, 4
673
394
673, 394
673
391
673, 391
673
381
673, 381
673
366
673, 366
673
359
673, 359
673
342
673, 342
673
334
673, 334
673
333
673, 333
673
329
673, 329
673
326
673, 326
673
319
673, 319
673
312
673, 312
673
283
673, 283
673
280
673, 280
673
275
673, 275
673
274
673, 274
673
264
673, 264
673
263
673, 263
673
259
673, 259
673
232
673, 232
673
23
673, 23
673
218
673, 218
673
194
673, 194
673
167
673, 167
673
160
673, 160
673
138
673, 138
673
13
673, 13
673
126
673, 126
673
116
673, 116
657
64
657, 64
657
63
657, 63
657
626
657, 626
657
623
657, 623
657
620
657, 620
657
615
657, 615
657
600
657, 600
657
58
657, 58
657
571
657, 571
657
553
657, 553
657
552
657, 552
657
515
657, 515
657
503
657, 503
657
502
657, 502
657
494
657, 494
657
472
657, 472
657
455
657, 455
657
452
657, 452
657
448
657, 448
657
447
657, 447
657
445
657, 445
657
444
657, 444
657
43
657, 43
657
425
657, 425
657
415
657, 415
657
403
657, 403
657
4
657, 4
657
394
657, 394
657
391
657, 391
657
381
657, 381
657
366
657, 366
657
359
657, 359
657
342
657, 342
657
334
657, 334
657
333
657, 333
657
329
657, 329
657
326
657, 326
657
319
657, 319
657
312
657, 312
657
283
657, 283
657
280
657, 280
657
275
657, 275
657
274
657, 274
657
264
657, 264
657
263
657, 263
657
259
657, 259
657
232
657, 232
657
23
657, 23
657
218
657, 218
657
194
657, 194
657
167
657, 167
657
160
657, 160
657
138
657, 138
657
13
657, 13
657
126
657, 126
657
116
657, 116
64
63
64, 63
64
626
64, 626
64
623
64, 623
64
620
64, 620
64
615
64, 615
64
600
64, 600
64
58
64, 58
64
571
64, 571
64
553
64, 553
64
552
64, 552
64
515
64, 515
64
503
64, 503
64
502
64, 502
64
494
64, 494
64
472
64, 472
64
455
64, 455
64
452
64, 452
64
448
64, 448
64
447
64, 447
64
445
64, 445
64
444
64, 444
64
43
64, 43
64
425
64, 425
64
415
64, 415
64
403
64, 403
64
4
64, 4
64
394
64, 394
64
391
64, 391
64
381
64, 381
64
366
64, 366
64
359
64, 359
64
342
64, 342
64
334
64, 334
64
333
64, 333
64
329
64, 329
64
326
64, 326
64
319
64, 319
64
312
64, 312
64
283
64, 283
64
280
64, 280
64
275
64, 275
64
274
64, 274
64
264
64, 264
64
263
64, 263
64
259
64, 259
64
232
64, 232
64
23
64, 23
64
218
64, 218
64
194
64, 194
64
167
64, 167
64
160
64, 160
64
138
64, 138
64
13
64, 13
64
126
64, 126
64
116
64, 116
63
626
63, 626
63
623
63, 623
63
620
63, 620
63
615
63, 615
63
600
63, 600
63
58
63, 58
63
571
63, 571
63
553
63, 553
63
552
63, 552
63
515
63, 515
63
503
63, 503
63
502
63, 502
63
494
63, 494
63
472
63, 472
63
455
63, 455
63
452
63, 452
63
448
63, 448
63
447
63, 447
63
445
63, 445
63
444
63, 444
63
43
63, 43
63
425
63, 425
63
415
63, 415
63
403
63, 403
63
4
63, 4
63
394
63, 394
63
391
63, 391
63
381
63, 381
63
366
63, 366
63
359
63, 359
63
342
63, 342
63
334
63, 334
63
333
63, 333
63
329
63, 329
63
326
63, 326
63
319
63, 319
63
312
63, 312
63
283
63, 283
63
280
63, 280
63
275
63, 275
63
274
63, 274
63
264
63, 264
63
263
63, 263
63
259
63, 259
63
232
63, 232
63
23
63, 23
63
218
63, 218
63
194
63, 194
63
167
63, 167
63
160
63, 160
63
138
63, 138
63
13
63, 13
63
126
63, 126
63
116
63, 116
626
623
626, 623
626
620
626, 620
626
615
626, 615
626
600
626, 600
626
58
626, 58
626
571
626, 571
626
553
626, 553
626
552
626, 552
626
515
626, 515
626
503
626, 503
626
502
626, 502
626
494
626, 494
626
472
626, 472
626
455
626, 455
626
452
626, 452
626
448
626, 448
626
447
626, 447
626
445
626, 445
626
444
626, 444
626
43
626, 43
626
425
626, 425
626
415
626, 415
626
403
626, 403
626
4
626, 4
626
394
626, 394
626
391
626, 391
626
381
626, 381
626
366
626, 366
626
359
626, 359
626
342
626, 342
626
334
626, 334
626
333
626, 333
626
329
626, 329
626
326
626, 326
626
319
626, 319
626
312
626, 312
626
283
626, 283
626
280
626, 280
626
275
626, 275
626
274
626, 274
626
264
626, 264
626
263
626, 263
626
259
626, 259
626
232
626, 232
626
23
626, 23
626
218
626, 218
626
194
626, 194
626
167
626, 167
626
160
626, 160
626
138
626, 138
626
13
626, 13
626
126
626, 126
626
116
626, 116
623
620
623, 620
623
615
623, 615
623
600
623, 600
623
58
623, 58
623
571
623, 571
623
553
623, 553
623
552
623, 552
623
515
623, 515
623
503
623, 503
623
502
623, 502
623
494
623, 494
623
472
623, 472
623
455
623, 455
623
452
623, 452
623
448
623, 448
623
447
623, 447
623
445
623, 445
623
444
623, 444
623
43
623, 43
623
425
623, 425
623
415
623, 415
623
403
623, 403
623
4
623, 4
623
394
623, 394
623
391
623, 391
623
381
623, 381
623
366
623, 366
623
359
623, 359
623
342
623, 342
623
334
623, 334
623
333
623, 333
623
329
623, 329
623
326
623, 326
623
319
623, 319
623
312
623, 312
623
283
623, 283
623
280
623, 280
623
275
623, 275
623
274
623, 274
623
264
623, 264
623
263
623, 263
623
259
623, 259
623
232
623, 232
623
23
623, 23
623
218
623, 218
623
194
623, 194
623
167
623, 167
623
160
623, 160
623
138
623, 138
623
13
623, 13
623
126
623, 126
623
116
623, 116
620
615
620, 615
620
600
620, 600
620
58
620, 58
620
571
620, 571
620
553
620, 553
620
552
620, 552
620
515
620, 515
620
503
620, 503
620
502
620, 502
620
494
620, 494
620
472
620, 472
620
455
620, 455
620
452
620, 452
620
448
620, 448
620
447
620, 447
620
445
620, 445
620
444
620, 444
620
43
620, 43
620
425
620, 425
620
415
620, 415
620
403
620, 403
620
4
620, 4
620
394
620, 394
620
391
620, 391
620
381
620, 381
620
366
620, 366
620
359
620, 359
620
342
620, 342
620
334
620, 334
620
333
620, 333
620
329
620, 329
620
326
620, 326
620
319
620, 319
620
312
620, 312
620
283
620, 283
620
280
620, 280
620
275
620, 275
620
274
620, 274
620
264
620, 264
620
263
620, 263
620
259
620, 259
620
232
620, 232
620
23
620, 23
620
218
620, 218
620
194
620, 194
620
167
620, 167
620
160
620, 160
620
138
620, 138
620
13
620, 13
620
126
620, 126
620
116
620, 116
615
600
615, 600
615
58
615, 58
615
571
615, 571
615
553
615, 553
615
552
615, 552
615
515
615, 515
615
503
615, 503
615
502
615, 502
615
494
615, 494
615
472
615, 472
615
455
615, 455
615
452
615, 452
615
448
615, 448
615
447
615, 447
615
445
615, 445
615
444
615, 444
615
43
615, 43
615
425
615, 425
615
415
615, 415
615
403
615, 403
615
4
615, 4
615
394
615, 394
615
391
615, 391
615
381
615, 381
615
366
615, 366
615
359
615, 359
615
342
615, 342
615
334
615, 334
615
333
615, 333
615
329
615, 329
615
326
615, 326
615
319
615, 319
615
312
615, 312
615
283
615, 283
615
280
615, 280
615
275
615, 275
615
274
615, 274
615
264
615, 264
615
263
615, 263
615
259
615, 259
615
232
615, 232
615
23
615, 23
615
218
615, 218
615
194
615, 194
615
167
615, 167
615
160
615, 160
615
138
615, 138
615
13
615, 13
615
126
615, 126
615
116
615, 116
600
58
600, 58
600
571
600, 571
600
553
600, 553
600
552
600, 552
600
515
600, 515
600
503
600, 503
600
502
600, 502
600
494
600, 494
600
472
600, 472
600
455
600, 455
600
452
600, 452
600
448
600, 448
600
447
600, 447
600
445
600, 445
600
444
600, 444
600
43
600, 43
600
425
600, 425
600
415
600, 415
600
403
600, 403
600
4
600, 4
600
394
600, 394
600
391
600, 391
600
381
600, 381
600
366
600, 366
600
359
600, 359
600
342
600, 342
600
334
600, 334
600
333
600, 333
600
329
600, 329
600
326
600, 326
600
319
600, 319
600
312
600, 312
600
283
600, 283
600
280
600, 280
600
275
600, 275
600
274
600, 274
600
264
600, 264
600
263
600, 263
600
259
600, 259
600
232
600, 232
600
23
600, 23
600
218
600, 218
600
194
600, 194
600
167
600, 167
600
160
600, 160
600
138
600, 138
600
13
600, 13
600
126
600, 126
600
116
600, 116
58
571
58, 571
58
553
58, 553
58
552
58, 552
58
515
58, 515
58
503
58, 503
58
502
58, 502
58
494
58, 494
58
472
58, 472
58
455
58, 455
58
452
58, 452
58
448
58, 448
58
447
58, 447
58
445
58, 445
58
444
58, 444
58
43
58, 43
58
425
58, 425
58
415
58, 415
58
403
58, 403
58
4
58, 4
58
394
58, 394
58
391
58, 391
58
381
58, 381
58
366
58, 366
58
359
58, 359
58
342
58, 342
58
334
58, 334
58
333
58, 333
58
329
58, 329
58
326
58, 326
58
319
58, 319
58
312
58, 312
58
283
58, 283
58
280
58, 280
58
275
58, 275
58
274
58, 274
58
264
58, 264
58
263
58, 263
58
259
58, 259
58
232
58, 232
58
23
58, 23
58
218
58, 218
58
194
58, 194
58
167
58, 167
58
160
58, 160
58
138
58, 138
58
13
58, 13
58
126
58, 126
58
116
58, 116
571
553
571, 553
571
552
571, 552
571
515
571, 515
571
503
571, 503
571
502
571, 502
571
494
571, 494
571
472
571, 472
571
455
571, 455
571
452
571, 452
571
448
571, 448
571
447
571, 447
571
445
571, 445
571
444
571, 444
571
43
571, 43
571
425
571, 425
571
415
571, 415
571
403
571, 403
571
4
571, 4
571
394
571, 394
571
391
571, 391
571
381
571, 381
571
366
571, 366
571
359
571, 359
571
342
571, 342
571
334
571, 334
571
333
571, 333
571
329
571, 329
571
326
571, 326
571
319
571, 319
571
312
571, 312
571
283
571, 283
571
280
571, 280
571
275
571, 275
571
274
571, 274
571
264
571, 264
571
263
571, 263
571
259
571, 259
571
232
571, 232
571
23
571, 23
571
218
571, 218
571
194
571, 194
571
167
571, 167
571
160
571, 160
571
138
571, 138
571
13
571, 13
571
126
571, 126
571
116
571, 116
553
552
553, 552
553
515
553, 515
553
503
553, 503
553
502
553, 502
553
494
553, 494
553
472
553, 472
553
455
553, 455
553
452
553, 452
553
448
553, 448
553
447
553, 447
553
445
553, 445
553
444
553, 444
553
43
553, 43
553
425
553, 425
553
415
553, 415
553
403
553, 403
553
4
553, 4
553
394
553, 394
553
391
553, 391
553
381
553, 381
553
366
553, 366
553
359
553, 359
553
342
553, 342
553
334
553, 334
553
333
553, 333
553
329
553, 329
553
326
553, 326
553
319
553, 319
553
312
553, 312
553
283
553, 283
553
280
553, 280
553
275
553, 275
553
274
553, 274
553
264
553, 264
553
263
553, 263
553
259
553, 259
553
232
553, 232
553
23
553, 23
553
218
553, 218
553
194
553, 194
553
167
553, 167
553
160
553, 160
553
138
553, 138
553
13
553, 13
553
126
553, 126
553
116
553, 116
552
515
552, 515
552
503
552, 503
552
502
552, 502
552
494
552, 494
552
472
552, 472
552
455
552, 455
552
452
552, 452
552
448
552, 448
552
447
552, 447
552
445
552, 445
552
444
552, 444
552
43
552, 43
552
425
552, 425
552
415
552, 415
552
403
552, 403
552
4
552, 4
552
394
552, 394
552
391
552, 391
552
381
552, 381
552
366
552, 366
552
359
552, 359
552
342
552, 342
552
334
552, 334
552
333
552, 333
552
329
552, 329
552
326
552, 326
552
319
552, 319
552
312
552, 312
552
283
552, 283
552
280
552, 280
552
275
552, 275
552
274
552, 274
552
264
552, 264
552
263
552, 263
552
259
552, 259
552
232
552, 232
552
23
552, 23
552
218
552, 218
552
194
552, 194
552
167
552, 167
552
160
552, 160
552
138
552, 138
552
13
552, 13
552
126
552, 126
552
116
552, 116
515
503
515, 503
515
502
515, 502
515
494
515, 494
515
472
515, 472
515
455
515, 455
515
452
515, 452
515
448
515, 448
515
447
515, 447
515
445
515, 445
515
444
515, 444
515
43
515, 43
515
425
515, 425
515
415
515, 415
515
403
515, 403
515
4
515, 4
515
394
515, 394
515
391
515, 391
515
381
515, 381
515
366
515, 366
515
359
515, 359
515
342
515, 342
515
334
515, 334
515
333
515, 333
515
329
515, 329
515
326
515, 326
515
319
515, 319
515
312
515, 312
515
283
515, 283
515
280
515, 280
515
275
515, 275
515
274
515, 274
515
264
515, 264
515
263
515, 263
515
259
515, 259
515
232
515, 232
515
23
515, 23
515
218
515, 218
515
194
515, 194
515
167
515, 167
515
160
515, 160
515
138
515, 138
515
13
515, 13
515
126
515, 126
515
116
515, 116
503
502
503, 502
503
494
503, 494
503
472
503, 472
503
455
503, 455
503
452
503, 452
503
448
503, 448
503
447
503, 447
503
445
503, 445
503
444
503, 444
503
43
503, 43
503
425
503, 425
503
415
503, 415
503
403
503, 403
503
4
503, 4
503
394
503, 394
503
391
503, 391
503
381
503, 381
503
366
503, 366
503
359
503, 359
503
342
503, 342
503
334
503, 334
503
333
503, 333
503
329
503, 329
503
326
503, 326
503
319
503, 319
503
312
503, 312
503
283
503, 283
503
280
503, 280
503
275
503, 275
503
274
503, 274
503
264
503, 264
503
263
503, 263
503
259
503, 259
503
232
503, 232
503
23
503, 23
503
218
503, 218
503
194
503, 194
503
167
503, 167
503
160
503, 160
503
138
503, 138
503
13
503, 13
503
126
503, 126
503
116
503, 116
502
494
502, 494
502
472
502, 472
502
455
502, 455
502
452
502, 452
502
448
502, 448
502
447
502, 447
502
445
502, 445
502
444
502, 444
502
43
502, 43
502
425
502, 425
502
415
502, 415
502
403
502, 403
502
4
502, 4
502
394
502, 394
502
391
502, 391
502
381
502, 381
502
366
502, 366
502
359
502, 359
502
342
502, 342
502
334
502, 334
502
333
502, 333
502
329
502, 329
502
326
502, 326
502
319
502, 319
502
312
502, 312
502
283
502, 283
502
280
502, 280
502
275
502, 275
502
274
502, 274
502
264
502, 264
502
263
502, 263
502
259
502, 259
502
232
502, 232
502
23
502, 23
502
218
502, 218
502
194
502, 194
502
167
502, 167
502
160
502, 160
502
138
502, 138
502
13
502, 13
502
126
502, 126
502
116
502, 116
494
472
494, 472
494
455
494, 455
494
452
494, 452
494
448
494, 448
494
447
494, 447
494
445
494, 445
494
444
494, 444
494
43
494, 43
494
425
494, 425
494
415
494, 415
494
403
494, 403
494
4
494, 4
494
394
494, 394
494
391
494, 391
494
381
494, 381
494
366
494, 366
494
359
494, 359
494
342
494, 342
494
334
494, 334
494
333
494, 333
494
329
494, 329
494
326
494, 326
494
319
494, 319
494
312
494, 312
494
283
494, 283
494
280
494, 280
494
275
494, 275
494
274
494, 274
494
264
494, 264
494
263
494, 263
494
259
494, 259
494
232
494, 232
494
23
494, 23
494
218
494, 218
494
194
494, 194
494
167
494, 167
494
160
494, 160
494
138
494, 138
494
13
494, 13
494
126
494, 126
494
116
494, 116
472
455
472, 455
472
452
472, 452
472
448
472, 448
472
447
472, 447
472
445
472, 445
472
444
472, 444
472
43
472, 43
472
425
472, 425
472
415
472, 415
472
403
472, 403
472
4
472, 4
472
394
472, 394
472
391
472, 391
472
381
472, 381
472
366
472, 366
472
359
472, 359
472
342
472, 342
472
334
472, 334
472
333
472, 333
472
329
472, 329
472
326
472, 326
472
319
472, 319
472
312
472, 312
472
283
472, 283
472
280
472, 280
472
275
472, 275
472
274
472, 274
472
264
472, 264
472
263
472, 263
472
259
472, 259
472
232
472, 232
472
23
472, 23
472
218
472, 218
472
194
472, 194
472
167
472, 167
472
160
472, 160
472
138
472, 138
472
13
472, 13
472
126
472, 126
472
116
472, 116
455
452
455, 452
455
448
455, 448
455
447
455, 447
455
445
455, 445
455
444
455, 444
455
43
455, 43
455
425
455, 425
455
415
455, 415
455
403
455, 403
455
4
455, 4
455
394
455, 394
455
391
455, 391
455
381
455, 381
455
366
455, 366
455
359
455, 359
455
342
455, 342
455
334
455, 334
455
333
455, 333
455
329
455, 329
455
326
455, 326
455
319
455, 319
455
312
455, 312
455
283
455, 283
455
280
455, 280
455
275
455, 275
455
274
455, 274
455
264
455, 264
455
263
455, 263
455
259
455, 259
455
232
455, 232
455
23
455, 23
455
218
455, 218
455
194
455, 194
455
167
455, 167
455
160
455, 160
455
138
455, 138
455
13
455, 13
455
126
455, 126
455
116
455, 116
452
448
452, 448
452
447
452, 447
452
445
452, 445
452
444
452, 444
452
43
452, 43
452
425
452, 425
452
415
452, 415
452
403
452, 403
452
4
452, 4
452
394
452, 394
452
391
452, 391
452
381
452, 381
452
366
452, 366
452
359
452, 359
452
342
452, 342
452
334
452, 334
452
333
452, 333
452
329
452, 329
452
326
452, 326
452
319
452, 319
452
312
452, 312
452
283
452, 283
452
280
452, 280
452
275
452, 275
452
274
452, 274
452
264
452, 264
452
263
452, 263
452
259
452, 259
452
232
452, 232
452
23
452, 23
452
218
452, 218
452
194
452, 194
452
167
452, 167
452
160
452, 160
452
138
452, 138
452
13
452, 13
452
126
452, 126
452
116
452, 116
448
447
448, 447
448
445
448, 445
448
444
448, 444
448
43
448, 43
448
425
448, 425
448
415
448, 415
448
403
448, 403
448
4
448, 4
448
394
448, 394
448
391
448, 391
448
381
448, 381
448
366
448, 366
448
359
448, 359
448
342
448, 342
448
334
448, 334
448
333
448, 333
448
329
448, 329
448
326
448, 326
448
319
448, 319
448
312
448, 312
448
283
448, 283
448
280
448, 280
448
275
448, 275
448
274
448, 274
448
264
448, 264
448
263
448, 263
448
259
448, 259
448
232
448, 232
448
23
448, 23
448
218
448, 218
448
194
448, 194
448
167
448, 167
448
160
448, 160
448
138
448, 138
448
13
448, 13
448
126
448, 126
448
116
448, 116
447
445
447, 445
447
444
447, 444
447
43
447, 43
447
425
447, 425
447
415
447, 415
447
403
447, 403
447
4
447, 4
447
394
447, 394
447
391
447, 391
447
381
447, 381
447
366
447, 366
447
359
447, 359
447
342
447, 342
447
334
447, 334
447
333
447, 333
447
329
447, 329
447
326
447, 326
447
319
447, 319
447
312
447, 312
447
283
447, 283
447
280
447, 280
447
275
447, 275
447
274
447, 274
447
264
447, 264
447
263
447, 263
447
259
447, 259
447
232
447, 232
447
23
447, 23
447
218
447, 218
447
194
447, 194
447
167
447, 167
447
160
447, 160
447
138
447, 138
447
13
447, 13
447
126
447, 126
447
116
447, 116
445
444
445, 444
445
43
445, 43
445
425
445, 425
445
415
445, 415
445
403
445, 403
445
4
445, 4
445
394
445, 394
445
391
445, 391
445
381
445, 381
445
366
445, 366
445
359
445, 359
445
342
445, 342
445
334
445, 334
445
333
445, 333
445
329
445, 329
445
326
445, 326
445
319
445, 319
445
312
445, 312
445
283
445, 283
445
280
445, 280
445
275
445, 275
445
274
445, 274
445
264
445, 264
445
263
445, 263
445
259
445, 259
445
232
445, 232
445
23
445, 23
445
218
445, 218
445
194
445, 194
445
167
445, 167
445
160
445, 160
445
138
445, 138
445
13
445, 13
445
126
445, 126
445
116
445, 116
444
43
444, 43
444
425
444, 425
444
415
444, 415
444
403
444, 403
444
4
444, 4
444
394
444, 394
444
391
444, 391
444
381
444, 381
444
366
444, 366
444
359
444, 359
444
342
444, 342
444
334
444, 334
444
333
444, 333
444
329
444, 329
444
326
444, 326
444
319
444, 319
444
312
444, 312
444
283
444, 283
444
280
444, 280
444
275
444, 275
444
274
444, 274
444
264
444, 264
444
263
444, 263
444
259
444, 259
444
232
444, 232
444
23
444, 23
444
218
444, 218
444
194
444, 194
444
167
444, 167
444
160
444, 160
444
138
444, 138
444
13
444, 13
444
126
444, 126
444
116
444, 116
43
425
43, 425
43
415
43, 415
43
403
43, 403
43
4
43, 4
43
394
43, 394
43
391
43, 391
43
381
43, 381
43
366
43, 366
43
359
43, 359
43
342
43, 342
43
334
43, 334
43
333
43, 333
43
329
43, 329
43
326
43, 326
43
319
43, 319
43
312
43, 312
43
283
43, 283
43
280
43, 280
43
275
43, 275
43
274
43, 274
43
264
43, 264
43
263
43, 263
43
259
43, 259
43
232
43, 232
43
23
43, 23
43
218
43, 218
43
194
43, 194
43
167
43, 167
43
160
43, 160
43
138
43, 138
43
13
43, 13
43
126
43, 126
43
116
43, 116
425
415
425, 415
425
403
425, 403
425
4
425, 4
425
394
425, 394
425
391
425, 391
425
381
425, 381
425
366
425, 366
425
359
425, 359
425
342
425, 342
425
334
425, 334
425
333
425, 333
425
329
425, 329
425
326
425, 326
425
319
425, 319
425
312
425, 312
425
283
425, 283
425
280
425, 280
425
275
425, 275
425
274
425, 274
425
264
425, 264
425
263
425, 263
425
259
425, 259
425
232
425, 232
425
23
425, 23
425
218
425, 218
425
194
425, 194
425
167
425, 167
425
160
425, 160
425
138
425, 138
425
13
425, 13
425
126
425, 126
425
116
425, 116
415
403
415, 403
415
4
415, 4
415
394
415, 394
415
391
415, 391
415
381
415, 381
415
366
415, 366
415
359
415, 359
415
342
415, 342
415
334
415, 334
415
333
415, 333
415
329
415, 329
415
326
415, 326
415
319
415, 319
415
312
415, 312
415
283
415, 283
415
280
415, 280
415
275
415, 275
415
274
415, 274
415
264
415, 264
415
263
415, 263
415
259
415, 259
415
232
415, 232
415
23
415, 23
415
218
415, 218
415
194
415, 194
415
167
415, 167
415
160
415, 160
415
138
415, 138
415
13
415, 13
415
126
415, 126
415
116
415, 116
403
4
403, 4
403
394
403, 394
403
391
403, 391
403
381
403, 381
403
366
403, 366
403
359
403, 359
403
342
403, 342
403
334
403, 334
403
333
403, 333
403
329
403, 329
403
326
403, 326
403
319
403, 319
403
312
403, 312
403
283
403, 283
403
280
403, 280
403
275
403, 275
403
274
403, 274
403
264
403, 264
403
263
403, 263
403
259
403, 259
403
232
403, 232
403
23
403, 23
403
218
403, 218
403
194
403, 194
403
167
403, 167
403
160
403, 160
403
138
403, 138
403
13
403, 13
403
126
403, 126
403
116
403, 116
4
394
4, 394
4
391
4, 391
4
381
4, 381
4
366
4, 366
4
359
4, 359
4
342
4, 342
4
334
4, 334
4
333
4, 333
4
329
4, 329
4
326
4, 326
4
319
4, 319
4
312
4, 312
4
283
4, 283
4
280
4, 280
4
275
4, 275
4
274
4, 274
4
264
4, 264
4
263
4, 263
4
259
4, 259
4
232
4, 232
4
23
4, 23
4
218
4, 218
4
194
4, 194
4
167
4, 167
4
160
4, 160
4
138
4, 138
4
13
4, 13
4
126
4, 126
4
116
4, 116
394
391
394, 391
394
381
394, 381
394
366
394, 366
394
359
394, 359
394
342
394, 342
394
334
394, 334
394
333
394, 333
394
329
394, 329
394
326
394, 326
394
319
394, 319
394
312
394, 312
394
283
394, 283
394
280
394, 280
394
275
394, 275
394
274
394, 274
394
264
394, 264
394
263
394, 263
394
259
394, 259
394
232
394, 232
394
23
394, 23
394
218
394, 218
394
194
394, 194
394
167
394, 167
394
160
394, 160
394
138
394, 138
394
13
394, 13
394
126
394, 126
394
116
394, 116
391
381
391, 381
391
366
391, 366
391
359
391, 359
391
342
391, 342
391
334
391, 334
391
333
391, 333
391
329
391, 329
391
326
391, 326
391
319
391, 319
391
312
391, 312
391
283
391, 283
391
280
391, 280
391
275
391, 275
391
274
391, 274
391
264
391, 264
391
263
391, 263
391
259
391, 259
391
232
391, 232
391
23
391, 23
391
218
391, 218
391
194
391, 194
391
167
391, 167
391
160
391, 160
391
138
391, 138
391
13
391, 13
391
126
391, 126
391
116
391, 116
381
366
381, 366
381
359
381, 359
381
342
381, 342
381
334
381, 334
381
333
381, 333
381
329
381, 329
381
326
381, 326
381
319
381, 319
381
312
381, 312
381
283
381, 283
381
280
381, 280
381
275
381, 275
381
274
381, 274
381
264
381, 264
381
263
381, 263
381
259
381, 259
381
232
381, 232
381
23
381, 23
381
218
381, 218
381
194
381, 194
381
167
381, 167
381
160
381, 160
381
138
381, 138
381
13
381, 13
381
126
381, 126
381
116
381, 116
366
359
366, 359
366
342
366, 342
366
334
366, 334
366
333
366, 333
366
329
366, 329
366
326
366, 326
366
319
366, 319
366
312
366, 312
366
283
366, 283
366
280
366, 280
366
275
366, 275
366
274
366, 274
366
264
366, 264
366
263
366, 263
366
259
366, 259
366
232
366, 232
366
23
366, 23
366
218
366, 218
366
194
366, 194
366
167
366, 167
366
160
366, 160
366
138
366, 138
366
13
366, 13
366
126
366, 126
366
116
366, 116
359
342
359, 342
359
334
359, 334
359
333
359, 333
359
329
359, 329
359
326
359, 326
359
319
359, 319
359
312
359, 312
359
283
359, 283
359
280
359, 280
359
275
359, 275
359
274
359, 274
359
264
359, 264
359
263
359, 263
359
259
359, 259
359
232
359, 232
359
23
359, 23
359
218
359, 218
359
194
359, 194
359
167
359, 167
359
160
359, 160
359
138
359, 138
359
13
359, 13
359
126
359, 126
359
116
359, 116
342
334
342, 334
342
333
342, 333
342
329
342, 329
342
326
342, 326
342
319
342, 319
342
312
342, 312
342
283
342, 283
342
280
342, 280
342
275
342, 275
342
274
342, 274
342
264
342, 264
342
263
342, 263
342
259
342, 259
342
232
342, 232
342
23
342, 23
342
218
342, 218
342
194
342, 194
342
167
342, 167
342
160
342, 160
342
138
342, 138
342
13
342, 13
342
126
342, 126
342
116
342, 116
334
333
334, 333
334
329
334, 329
334
326
334, 326
334
319
334, 319
334
312
334, 312
334
283
334, 283
334
280
334, 280
334
275
334, 275
334
274
334, 274
334
264
334, 264
334
263
334, 263
334
259
334, 259
334
232
334, 232
334
23
334, 23
334
218
334, 218
334
194
334, 194
334
167
334, 167
334
160
334, 160
334
138
334, 138
334
13
334, 13
334
126
334, 126
334
116
334, 116
333
329
333, 329
333
326
333, 326
333
319
333, 319
333
312
333, 312
333
283
333, 283
333
280
333, 280
333
275
333, 275
333
274
333, 274
333
264
333, 264
333
263
333, 263
333
259
333, 259
333
232
333, 232
333
23
333, 23
333
218
333, 218
333
194
333, 194
333
167
333, 167
333
160
333, 160
333
138
333, 138
333
13
333, 13
333
126
333, 126
333
116
333, 116
329
326
329, 326
329
319
329, 319
329
312
329, 312
329
283
329, 283
329
280
329, 280
329
275
329, 275
329
274
329, 274
329
264
329, 264
329
263
329, 263
329
259
329, 259
329
232
329, 232
329
23
329, 23
329
218
329, 218
329
194
329, 194
329
167
329, 167
329
160
329, 160
329
138
329, 138
329
13
329, 13
329
126
329, 126
329
116
329, 116
326
319
326, 319
326
312
326, 312
326
283
326, 283
326
280
326, 280
326
275
326, 275
326
274
326, 274
326
264
326, 264
326
263
326, 263
326
259
326, 259
326
232
326, 232
326
23
326, 23
326
218
326, 218
326
194
326, 194
326
167
326, 167
326
160
326, 160
326
138
326, 138
326
13
326, 13
326
126
326, 126
326
116
326, 116
319
312
319, 312
319
283
319, 283
319
280
319, 280
319
275
319, 275
319
274
319, 274
319
264
319, 264
319
263
319, 263
319
259
319, 259
319
232
319, 232
319
23
319, 23
319
218
319, 218
319
194
319, 194
319
167
319, 167
319
160
319, 160
319
138
319, 138
319
13
319, 13
319
126
319, 126
319
116
319, 116
312
283
312, 283
312
280
312, 280
312
275
312, 275
312
274
312, 274
312
264
312, 264
312
263
312, 263
312
259
312, 259
312
232
312, 232
312
23
312, 23
312
218
312, 218
312
194
312, 194
312
167
312, 167
312
160
312, 160
312
138
312, 138
312
13
312, 13
312
126
312, 126
312
116
312, 116
283
280
283, 280
283
275
283, 275
283
274
283, 274
283
264
283, 264
283
263
283, 263
283
259
283, 259
283
232
283, 232
283
23
283, 23
283
218
283, 218
283
194
283, 194
283
167
283, 167
283
160
283, 160
283
138
283, 138
283
13
283, 13
283
126
283, 126
283
116
283, 116
280
275
280, 275
280
274
280, 274
280
264
280, 264
280
263
280, 263
280
259
280, 259
280
232
280, 232
280
23
280, 23
280
218
280, 218
280
194
280, 194
280
167
280, 167
280
160
280, 160
280
138
280, 138
280
13
280, 13
280
126
280, 126
280
116
280, 116
275
274
275, 274
275
264
275, 264
275
263
275, 263
275
259
275, 259
275
232
275, 232
275
23
275, 23
275
218
275, 218
275
194
275, 194
275
167
275, 167
275
160
275, 160
275
138
275, 138
275
13
275, 13
275
126
275, 126
275
116
275, 116
274
264
274, 264
274
263
274, 263
274
259
274, 259
274
232
274, 232
274
23
274, 23
274
218
274, 218
274
194
274, 194
274
167
274, 167
274
160
274, 160
274
138
274, 138
274
13
274, 13
274
126
274, 126
274
116
274, 116
264
263
264, 263
264
259
264, 259
264
232
264, 232
264
23
264, 23
264
218
264, 218
264
194
264, 194
264
167
264, 167
264
160
264, 160
264
138
264, 138
264
13
264, 13
264
126
264, 126
264
116
264, 116
263
259
263, 259
263
232
263, 232
263
23
263, 23
263
218
263, 218
263
194
263, 194
263
167
263, 167
263
160
263, 160
263
138
263, 138
263
13
263, 13
263
126
263, 126
263
116
263, 116
259
232
259, 232
259
23
259, 23
259
218
259, 218
259
194
259, 194
259
167
259, 167
259
160
259, 160
259
138
259, 138
259
13
259, 13
259
126
259, 126
259
116
259, 116
232
23
232, 23
232
218
232, 218
232
194
232, 194
232
167
232, 167
232
160
232, 160
232
138
232, 138
232
13
232, 13
232
126
232, 126
232
116
232, 116
23
218
23, 218
23
194
23, 194
23
167
23, 167
23
160
23, 160
23
138
23, 138
23
13
23, 13
23
126
23, 126
23
116
23, 116
218
194
218, 194
218
167
218, 167
218
160
218, 160
218
138
218, 138
218
13
218, 13
218
126
218, 126
218
116
218, 116
194
167
194, 167
194
160
194, 160
194
138
194, 138
194
13
194, 13
194
126
194, 126
194
116
194, 116
167
160
167, 160
167
138
167, 138
167
13
167, 13
167
126
167, 126
167
116
167, 116
160
138
160, 138
160
13
160, 13
160
126
160, 126
160
116
160, 116
138
13
138, 13
138
126
138, 126
138
116
138, 116
13
126
13, 126
13
116
13, 116
126
116
126, 116